255 255 255 255 255 255 255 255 255 255 255 255 255 255 255 255
255 255 255 255 255 255 255 255 255 255 255 255 255 255 255 255
255 255   0   0   0   0   0   0   0   0   0   0   0   0 255 255
255 255   0   0   0   0   0   0   0   0   0   0   0   0 255 255
255 255   0   0   0   0   0   0   0   0   0   0   0   0 255 255
255 255   0   0   0 253 117 255 255 255 255   0   0   0 255 255
255 255   0   0   0 253 255 117 194 255 255   0   0   0 255 255
255 255   0   0   0 253 255 255 117   0 254   0   0   0 255 255
255 255   0   0   0 253 254 255  68   0 255   0   0   0 255 255
255 255   0   0   0 253 255  74 254 255 255   0   0   0 255 255
255 255   0   0   0 252 151 255 255 255 255   0   0   0 255 255
255 255   0   0   0   0   0   0   0   0   0   0   0   0 255 255
255 255   0   0   0   0   0   0   0   0   0   0   0   0 255 255
255 255   0   0   0   0   0   0   0   0   0   0   0   0 255 255
255 255 255 255 255 255 255 255 255 255 255 255 255 255 255 255
255 255 255 255 255 255 255 255 255 255 255 255 255 255 255 255
255 255 255 255 255 255 255 255 255 255 255 255 255 255 255 255
255 255 255 255 255 255 255 255 255 255 255 255 255 255 255 255
255 255   0   0   0   0   0   0   0   0   0   0   0   0 255 255
255 255   0   0   0   0   0   0   0   0   0   0   0   0 255 255
255 255   0   0   0   0   0   0   0   0   0   0   0   0 255 255
255 255   0   0   0 197 231 255 255 255 255   0   0   0 255 255
255 255   0   0   0 208 198 240 246 255 255   0   0   0 255 255
255 255   0   0   0 215 208 198 240 202 254   0   0   0 255 255
255 255   0   0   0 222 215 208  56 202 255   0   0   0 255 255
255 255   0   0   0 224 222  49 254 255 255   0   0   0 255 255
255 255   0   0   0 227 130 255 255 255 255   0   0   0 255 255
255 255   0   0   0   0   0   0   0   0   0   0   0   0 255 255
255 255   0   0   0   0   0   0   0   0   0   0   0   0 255 255
255 255   0   0   0   0   0   0   0   0   0   0   0   0 255 255
255 255 255 255 255 255 255 255 255 255 255 255 255 255 255 255
255 255 255 255 255 255 255 255 255 255 255 255 255 255 255 255
255 255 255 255 255 255 255 255 255 255 255 255 255 255 255 255
255 255 255 255 255 255 255 255 255 255 255 255 255 255 255 255
255 255   0   0   0   0   0   0   0   0   0   0   0   0 255 255
255 255   0   0   0   0   0   0   0   0   0   0   0   0 255 255
255 255   0   0   0   0   0   0   0   0   0   0   0   0 255 255
255 255   0   0   0   0   6 255 255 255 255   0   0   0 255 255
255 255   0   0   0   0   0   0 142 255 255   0   0   0 255 255
255 255   0   0   0   0   0   0   0 255 254   0   0   0 255 255
255 255   0   0   0   1   0   0 252 255 255   0   0   0 255 255
255 255   0   0   0   0   0 241 254 255 255   0   0   0 255 255
255 255   0   0   0   1 224 255 255 255 255   0   0   0 255 255
255 255   0   0   0   0   0   0   0   0   0   0   0   0 255 255
255 255   0   0   0   0   0   0   0   0   0   0   0   0 255 255
255 255   0   0   0   0   0   0   0   0   0   0   0   0 255 255
255 255 255 255 255 255 255 255 255 255 255 255 255 255 255 255
255 255 255 255 255 255 255 255 255 255 255 255 255 255 255 255

255 255 255 255 255 255 255 255 255 255 255 255 255 255 255 255
255 214 153 153 153 153 153 153 153 153 153 153 153 153 214 255
255 153   0   0   0   0   0   0   0   0   0   0   0   0 153 255
255 153   0   0   0   0   0   0   0   0   0   0   0   0 153 255
255 153   0   0  10  51  51  51  51  51  51  10   0   0 153 255
255 153   0   0  51 255 255 178 199 255 255  51   0   0 153 255
255 153   0   0  51 255 249  34  56 253 255  51   0   0 153 255
255 153   0   0  51 255 186 100  65 185 255  51   0   0 153 255
255 153   0   0  51 240 134 231 208 100 246  51   0   0 153 255
255 153   0   0  50 179 231 253 253 210 172  51   0   0 153 255
255 153   0   0  50 233 253 253 254 254 228  51   0   0 153 255
255 153   0   0  10  51  51  51  51  51  51  10   0   0 153 255
255 153   0   0   0   0   0   0   0   0   0   0   0   0 153 255
255 153   0   0   0   0   0   0   0   0   0   0   0   0 153 255
255 214 153 153 153 153 153 153 153 153 153 153 153 153 214 255
255 255 255 255 255 255 255 255 255 255 255 255 255 255 255 255
255 255 255 255 255 255 255 255 255 255 255 255 255 255 255 255
255 214 153 153 153 153 153 153 153 153 153 153 153 153 214 255
255 153   0   0   0   0   0   0   0   0   0   0   0   0 153 255
255 153   0   0   0   0   0   0   0   0   0   0   0   0 153 255
255 153   0   0  10  51  51  51  51  51  51  10   0   0 153 255
255 153   0   0  51 255 255 242 244 255 255  51   0   0 153 255
255 153   0   0  51 255 254 209 200 253 255  51   0   0 153 255
255 153   0   0  51 255 246 222  83 178 255  51   0   0 153 255
255 153   0   0  51 252 235 204 168  76 245  51   0   0 153 255
255 153   0   0  50 235 204 206 214 177 153  51   0   0 153 255
255 153   0   0  50 225 225 230 234 236 212  51   0   0 153 255
255 153   0   0  10  51  51  51  51  51  51  10   0   0 153 255
255 153   0   0   0   0   0   0   0   0   0   0   0   0 153 255
255 153   0   0   0   0   0   0   0   0   0   0   0   0 153 255
255 214 153 153 153 153 153 153 153 153 153 153 153 153 214 255
255 255 255 255 255 255 255 255 255 255 255 255 255 255 255 255
255 255 255 255 255 255 255 255 255 255 255 255 255 255 255 255
255 214 153 153 153 153 153 153 153 153 153 153 153 153 214 255
255 153   0   0   0   0   0   0   0   0   0   0   0   0 153 255
255 153   0   0   0   0   0   0   0   0   0   0   0   0 153 255
255 153   0   0  10  51  51  51  51  51  51  10   0   0 153 255
255 153   0   0  51 255 255 253 253 255 255  51   0   0 153 255
255 153   0   0  51 255 245 241 252 254 255  51   0   0 153 255
255 153   0   0  51 255 128  61 239 249 255  51   0   0 153 255
255 153   0   0  51 227  11   0  59 229 252  51   0   0 153 255
255 153   0   0  50  96   0   0   0  56 228  51   0   0 153 255
255 153   0   0  50 118 106 106 106 106 165  51   0   0 153 255
255 153   0   0  10  51  51  51  51  51  51  10   0   0 153 255
255 153   0   0   0   0   0   0   0   0   0   0   0   0 153 255
255 153   0   0   0   0   0   0   0   0   0   0   0   0 153 255
255 214 153 153 153 153 153 153 153 153 153 153 153 153 214 255
255 255 255 255 255 255 255 255 255 255 255 255 255 255 255 255

255 255 255 255 255 255 255 255 255 255 255 255 255 255 255 255
255 214 153 153 153 153 153 153 153 153 153 153 153 153 214 255
255 153   0   0   0   0   0   0   0   0   0   0   0   0 153 255
255 153   0   0   0   0   0   0   0   0   0   0   0   0 153 255
255 153   0   0  10  51  51  51  51  51  51  10   0   0 153 255
255 153   0   0  51 255 255 255 246 172 228  51   0   0 153 255
255 153   0   0  51 255 253 185 100 210 254  51   0   0 153 255
255 153   0   0  51 199  56  65 208 253 254  51   0   0 153 255
255 153   0   0  51 178  34 100 231 253 253  51   0   0 153 255
255 153   0   0  51 255 249 186 134 231 253  51   0   0 153 255
255 153   0   0  51 255 255 255 240 179 233  51   0   0 153 255
255 153   0   0  10  51  51  51  51  50  50  10   0   0 153 255
255 153   0   0   0   0   0   0   0   0   0   0   0   0 153 255
255 153   0   0   0   0   0   0   0   0   0   0   0   0 153 255
255 214 153 153 153 153 153 153 153 153 153 153 153 153 214 255
255 255 255 255 255 255 255 255 255 255 255 255 255 255 255 255
255 255 255 255 255 255 255 255 255 255 255 255 255 255 255 255
255 214 153 153 153 153 153 153 153 153 153 153 153 153 214 255
255 153   0   0   0   0   0   0   0   0   0   0   0   0 153 255
255 153   0   0   0   0   0   0   0   0   0   0   0   0 153 255
255 153   0   0  10  51  51  51  51  51  51  10   0   0 153 255
255 153   0   0  51 255 255 255 245 153 212  51   0   0 153 255
255 153   0   0  51 255 253 178  76 177 236  51   0   0 153 255
255 153   0   0  51 244 200  83 168 214 234  51   0   0 153 255
255 153   0   0  51 242 209 222 204 206 230  51   0   0 153 255
255 153   0   0  51 255 254 246 235 204 225  51   0   0 153 255
255 153   0   0  51 255 255 255 252 235 225  51   0   0 153 255
255 153   0   0  10  51  51  51  51  50  50  10   0   0 153 255
255 153   0   0   0   0   0   0   0   0   0   0   0   0 153 255
255 153   0   0   0   0   0   0   0   0   0   0   0   0 153 255
255 214 153 153 153 153 153 153 153 153 153 153 153 153 214 255
255 255 255 255 255 255 255 255 255 255 255 255 255 255 255 255
255 255 255 255 255 255 255 255 255 255 255 255 255 255 255 255
255 214 153 153 153 153 153 153 153 153 153 153 153 153 214 255
255 153   0   0   0   0   0   0   0   0   0   0   0   0 153 255
255 153   0   0   0   0   0   0   0   0   0   0   0   0 153 255
255 153   0   0  10  51  51  51  51  51  51  10   0   0 153 255
255 153   0   0  51 255 255 255 252 228 165  51   0   0 153 255
255 153   0   0  51 255 254 249 229  56 106  51   0   0 153 255
255 153   0   0  51 253 252 239  59   0 106  51   0   0 153 255
255 153   0   0  51 253 241  61   0   0 106  51   0   0 153 255
255 153   0   0  51 255 245 128  11   0 106  51   0   0 153 255
255 153   0   0  51 255 255 255 227  96 118  51   0   0 153 255
255 153   0   0  10  51  51  51  51  50  50  10   0   0 153 255
255 153   0   0   0   0   0   0   0   0   0   0   0   0 153 255
255 153   0   0   0   0   0   0   0   0   0   0   0   0 153 255
255 214 153 153 153 153 153 153 153 153 153 153 153 153 214 255
255 255 255 255 255 255 255 255 255 255 255 255 255 255 255 255

255 255 255 255 255 255 255 255 255 255 255 255 255 255 255 255
255 214 153 153 153 153 153 153 153 153 153 153 153 153 214 255
255 153   0   0   0   0   0   0   0   0   0   0   0   0 153 255
255 153   0   0   0   0   0   0   0   0   0   0   0   0 153 255
255 153   0   0  10  51  51  51  51  51  51  10   0   0 153 255
255 153   0   0  51 228 254 254 253 253 233  50   0   0 153 255
255 153   0   0  51 172 210 253 253 231 179  50   0   0 153 255
255 153   0   0  51 246 100 208 231 134 240  51   0   0 153 255
255 153   0   0  51 255 185  65 100 186 255  51   0   0 153 255
255 153   0   0  51 255 253  56  34 249 255  51   0   0 153 255
255 153   0   0  51 255 255 199 178 255 255  51   0   0 153 255
255 153   0   0  10  51  51  51  51  51  51  10   0   0 153 255
255 153   0   0   0   0   0   0   0   0   0   0   0   0 153 255
255 153   0   0   0   0   0   0   0   0   0   0   0   0 153 255
255 214 153 153 153 153 153 153 153 153 153 153 153 153 214 255
255 255 255 255 255 255 255 255 255 255 255 255 255 255 255 255
255 255 255 255 255 255 255 255 255 255 255 255 255 255 255 255
255 214 153 153 153 153 153 153 153 153 153 153 153 153 214 255
255 153   0   0   0   0   0   0   0   0   0   0   0   0 153 255
255 153   0   0   0   0   0   0   0   0   0   0   0   0 153 255
255 153   0   0  10  51  51  51  51  51  51  10   0   0 153 255
255 153   0   0  51 212 236 234 230 225 225  50   0   0 153 255
255 153   0   0  51 153 177 214 206 204 235  50   0   0 153 255
255 153   0   0  51 245  76 168 204 235 252  51   0   0 153 255
255 153   0   0  51 255 178  83 222 246 255  51   0   0 153 255
255 153   0   0  51 255 253 200 209 254 255  51   0   0 153 255
255 153   0   0  51 255 255 244 242 255 255  51   0   0 153 255
255 153   0   0  10  51  51  51  51  51  51  10   0   0 153 255
255 153   0   0   0   0   0   0   0   0   0   0   0   0 153 255
255 153   0   0   0   0   0   0   0   0   0   0   0   0 153 255
255 214 153 153 153 153 153 153 153 153 153 153 153 153 214 255
255 255 255 255 255 255 255 255 255 255 255 255 255 255 255 255
255 255 255 255 255 255 255 255 255 255 255 255 255 255 255 255
255 214 153 153 153 153 153 153 153 153 153 153 153 153 214 255
255 153   0   0   0   0   0   0   0   0   0   0   0   0 153 255
255 153   0   0   0   0   0   0   0   0   0   0   0   0 153 255
255 153   0   0  10  51  51  51  51  51  51  10   0   0 153 255
255 153   0   0  51 165 106 106 106 106 118  50   0   0 153 255
255 153   0   0  51 228  56   0   0   0  96  50   0   0 153 255
255 153   0   0  51 252 229  59   0  11 227  51   0   0 153 255
255 153   0   0  51 255 249 239  61 128 255  51   0   0 153 255
255 153   0   0  51 255 254 252 241 245 255  51   0   0 153 255
255 153   0   0  51 255 255 253 253 255 255  51   0   0 153 255
255 153   0   0  10  51  51  51  51  51  51  10   0   0 153 255
255 153   0   0   0   0   0   0   0   0   0   0   0   0 153 255
255 153   0   0   0   0   0   0   0   0   0   0   0   0 153 255
255 214 153 153 153 153 153 153 153 153 153 153 153 153 214 255
255 255 255 255 255 255 255 255 255 255 255 255 255 255 255 255
